2.34 0.67 3.67 133.34
2.5 0.84 16.67 558.67
2.1 0.67 5.34 568.67
3.063 0.9375 6 381.38
2.462 0.8462 6.69 522.769
3.19 1 4.73 5.273
3.572 0.8572 17 105.72
2.8 0.6 19.6 651
2.4 0.8 4.5 30.2
3.5 1 12.84 153
2.813 0.625 9.5 476.875
2.84 0.5 4.84 119
2.94 0.54 7.94 443.247
2.813 0.813 4.75 77.813
3.78 0.67 14.11 85.56
3.5 0.42 9 191.34
2.84 0.84 5.34 152.5
2.22 0.78 5.45 232.67
2.4 1 17.2 58.20
3.72 0.856 11.572 137.43
3.84 0.5 4.5 223
2.78 0.34 6.1 633
3.5 0.67 18 338.84
3.143 0.143 9.29 613.43
2.2 0.7 3.3 38.1
2.54 0.62 12.54 536.231
3 0.67 12.67 316.417
2.1 0.8 4.9 340.6
2.36 0.89 5.12 286.95
2.79 0.72 8.72 173.79
3.750 1 13.75 222.25
3.2 0.6 18.40 623
2.72 0.572 11.72 697.72
2.83 0.83 9.24 429.71
3 0.724 4.86 755.86
2.67 0.75 6.750 16.25
2.86 0.724 7.24 554.572
2.250 0.5 16.25 642
2.93 0.724 15 369.22
3 0.84 16.67 748.5
3.84 0.34 19 416.84
3.6667 0.67 19 163.22
2.79 0.86 5.5 303.86
3.100 0.9 16.40 464.4
3.295 0.89 9.236 355
2.700 0.7 8.400 203.9
2.6667 0.500 16 677
2.67 0.778 7.56 111.43
2.77 0.7 4.85 684.16
2.64 0.46 13.64 24.55
2.91 0.64 18.64 123.64
3.23 0.7 6.85 328.462
2.400 0.9000 3.700 414.1
2.72 0.572 5.286 161.72
2.9 0.90 15.70 711.3
3.1667 0.67 3.84 714.5
3.875 0.7500 18.50 290.125
3 1 19.25 759.75
2.572 0.572 13.72 42.43
3.250 0.8750 18.50 606.25
3.24 0.724 14.29 255.143
2.572 0.572 17.286 775.572
3.125 0.8750 17.50 516.875
2.250 0.5000 4.125 246.125
2.36 0.79 9.572 272.5
2.93 0.7 8.62 789
3 1 5.67 641.67
3.67 1 16.84 198.34
2.7 0.7 12 593.6
3.84 0.67 17.50 572.33
2.29 0.572 3.143 623.143
2.8667 0.87 6.94 582.47
2.84 0.84 5.6667 603.0
3 0.2 18.80 6.400
2.2 0.2 16.60 144.0
2.875 1 6 668.75
2.25 0.5 5 651
2.33 0.8 4.87 454.54
3.6667 0.5 18.50 729.67
3.1 1 4.2 184.5
2.364 0.64 6 739.73
3.2 0.4 5.2 143.2
3.25 0.75 5.125 726.25
2.34 0.67 5.67 546.34
2.43 0.79 8.27 66.85
2.25 0.584 6 260.25
2 0.75 4.75 146.5
2.67 0.67 15 239
2.43 0.572 5.572 775.43
2.8 0.54 7.200 401.6
2.72 0.572 9.86 37.43
2.34 0.34 6.84 214.084
2.22 0.72 6.22 51.56
2.44 0.89 4.78 660
3.17 0.34 9 765
3.28 0.6 8.22 492.5
3.34 0.778 15.44 390.22
3.43 0.72 7.572 506.43
2.75 1 8 129
2.5 0.85 5.572 95.72