157 2.93 0.7 8.23 149
721 2.64 0.55 4.27 629.64
425.5 3.5 0.84 11.25 387.5
850.25 3 0.75 4 725.13
231.5 3.125 0.6250 9.750 219.5
93.7 2.67 1 8.67 23.4
864.75 3 0.8750 8.375 56.875
7 3.231 0.693 8.693 7
835.5 2.25 1 6 585.5
185.5 3.25 0.75 8.5 176.5
675.1 2.8 0.8 9 589.5
537.91 2.82 0.64 8.4 484
387.14 3.28 0.86 8.72 355.5
33.4 2.17 0.5 8 32.5
462 3.29 0.58 17.43 419
738 3 0.6 9.6 638.4
176.25 2 0.5 8.75 168.25
410.6 2.8 0.8 7.9 376.5
46.71 2.43 0.72 8 43.79
372.5 2.29 0.72 8.072 341.5
750.7 2.7 0.7 14.20 649.6
508.29 2.72 0.72 5 174.14
512.5 2.58 0.84 11.58 457.917
337.4 2.6 0.4 9 19
566.0 3.11 0.78 9.45 504.56
701.4 3.2 0.4 9 411.4
698.4 3.6 0.6 14.30 609.5
614.9 2.5 0.6 6.6 545.5
241.7 2.7 0.5 6.3 226.9
637 3 0.433 18.7 472.3
225.6 2.2 0.6 5.4 50.20
292 2.54 0.77 8.62 274
766.92 2.42 0.84 4.67 660.42
868.59 2.5 0.667 7.17 739.5
211.6 3.3 0.7 11.90 200.5
653.5 3.67 0.5 13.4 572.3
740.17 2.67 0.84 7.84 288.5
193.13 3.29 1 4.72 184
497.17 2.67 0.75 6.17 449.5
577.9 3.3 0.9 9.5 513.5
58.20 2.6 0.9 11 55.5
95.25 3.17 0.75 6.67 90.5
898.1 3 0.7 8.3 759.4
161.5 1.5 1 11.50 70
381.58 1.86 0.49 12.29 108.72
411.34 2.4 0.844 6.4 30.17
782.92 2.7 0.77 9.61 673
864.28 3.28 0.86 9.29 332.57
789.34 3 0.667 12.50 165.5
144.73 3 0.64 9.64 137
630.75 3 0.5 7.751 258.25
904 1.750 0.75 7.5 566.25
524.75 3 0.667 11 472.5
202.5 2.875 0.5 6 191.5
108.25 3 1 10.2 101.67
922 3 0.5 13.50 667
939.2 2.572 0.572 9.43 792
341.27 3.2 0.667 11.14 317
254.45 2.4 0.82 10.273 235.634
443.72 2.58 0.64 8.79 397.93
589.19 2.73 0.89 8.37 524
663 2.78 1 9.56 580
551.09 3.42 0.67 6.42 495.12
710.8 2.5 0.3 11.70 619.9
795.67 2.84 0.667 6.17 685.5
601 2.4 0.64 12.45 535
132.5 3.25 0.75 14.25 125.5
851.38 3.625 0.63 16.875 725.88
487.9 3.4 0.6 9.7 435.6
883.45 2.89 0.78 14.78 750.11
120.5 2.92 0.67 9.4 113.5
321.47 2.74 0.74 7.2 302
365.45 2.82 0.82 9.64 323.73
532.5 4 1 8.25 339  
830.72 2.92 0.79 11.29 710.5
555.89 2.67 0.667 8.56 45
814.12 2.84 0.584 10.92 697.5
306.4 2.93 0.93 10.29 287.5
929.84 3.4 0.84 7.67 785.5
638.17 3.5 0.84 14.84 561
331 3.750 0.75 7.250 167
81.84 2.92 0.75 6.584 78.50
870.43 2.714 0.72 8.714 443
909.78 3.4 0.56 12.4 769
626 2 0.72 10.72 554
20.64 2.93 0.643 10.36 18.72
69.50 2.5 0.84 7.584 66.50
473.2 2.5 0.9 5.7 429.3
686.9 3 0.7 12.20 599.5
649.77 2.23 0.85 8.31 87.77
764.8 3.4 0.6 10.6 522.4
263 4 1 10 151
264.08 2.34 0.42 7.08 248.5
224.36 2.64 0.73 6.46 208.73
919.89 2.11 0.56 10.78 778
457.58 2.42 0.84 4.5 412.75
644.67 1.84 0.67 5.84 566.17
278.16 2.78 0.7 9.078 261
168.22 4 0.67 17.1 160.2
399.89 3.11 0.67 16 367