00000 177
01002 9
01040 38
01080 219
01331 53
01375 716
01581 280
01602 388
01701 783
01720 197
01754 676
01810 334
01824 351
01913 87
01915 506
01940 561
01945 508
01960 668
01970 584
02110 293
02113 658
02125 433
02136 697
02138 19
02139 142
02140 384
02143 139
02146 469
02154 185
02159 472
02176 305
02215 73
02320 534
02324 480
02341 425
02859 347
02903 571
02918 419
03052 448
03060 199
03062 754
03261 373
03755 76
03869 457
04102 471
04988 728
05001 422
05146 96
05201 8
05452 706
05464 481
05779 678
06059 263
06260 113
06333 410
06355 17
06365 606
06371 194
06405 12
06437 787
06472 57
06492 732
06512 771
06513 206
06518 299
06779 308
06811 370
06906 609
06927 662
07029 240
07030 168
07039 122
07102 46
07204 622
07310 785
07733 238
08034 555
08043 295
08052 490
08105 773
08360 148
08403 56
08534 339
08610 685
08816 72
08832 135
08904 132
09645 731
10003 30
10010 345
10011 460
10016 257
10018 715
10019 371
10021 405
10022 329
10025 453
10309 16
10314 574
10522 314
10707 90
10960 193
11101 307
11201 547
11211 393
11217 147
11231 203
11238 630
11577 714
11701 84
11727 205
11753 781
11758 407
11787 538
12065 562
12180 475
12205 682
12345 698
12550 47
12603 468
12866 661
13210 298
13820 735
14085 734
14211 655
14216 522
14476 218
14534 492
14627 505
14850 551
14853 284
15017 705
15203 620
15213 5
15217 268
15222 378
15232 663
15235 306
15237 124
15610 154
16125 110
16506 629
16509 50
16801 178
16803 278
17036 753
17110 108
17325 141
17331 631
17345 396
17604 188
17870 41
17961 515
18015 346
18053 604
18301 296
18505 760
19047 646
19102 579
19104 169
19146 616
19149 304
19341 580
19382 459
19422 252
19711 473
19716 689
19807 554
20001 229
20003 81
20006 776
20008 116
20009 121
20015 119
20057 264
20064 681
20090 463
20657 456
20685 209
20707 465
20723 553
20755 171
20770 233
20784 228
20817 398
20850 763
20854 42
20879 502
20902 746
20910 136
21010 484
21012 442
21044 26
21114 585
21201 651
21206 382
21208 438
21218 78
21227 541
21250 462
21911 167
22003 216
22030 300
22202 118
22206 115
22207 164
22306 165
22902 79
22903 217
22904 65
22906 588
22911 491
22932 255
22973 223
23092 454
23112 88
23226 270
23227 498
23237 558
23322 675
23509 597
24060 301
25652 724
26241 464
26506 598
27105 664
27249 752
27502 210
27510 32
27511 519
27514 39
27606 150
27705 546
27708 174
27713 599
28018 409
28450 458
28480 325
28734 232
28806 699
28814 589
29201 416
29205 390
29206 13
29210 643
29301 769
29379 74
29440 179
29464 489
29631 518
29646 726
29678 544
30002 311
30011 414
30030 27
30033 261
30040 58
30067 162
30068 21
30078 483
30093 318
30220 97
30329 11
30350 765
30606 499
30803 693
31211 269
31404 230
31820 413
31909 529
32067 3
32114 636
32250 133
32301 192
32303 650
32605 200
32707 503
32712 590
32789 790
33066 660
33205 672
33308 402
33319 792
33484 759
33556 786
33716 539
33755 686
33763 743
33765 711
33775 312
33884 173
34105 691
34656 536
35802 745
36106 356
36117 134
37076 744
37212 18
37235 234
37411 336
37412 355
37725 702
37771 436
37777 344
37901 316
38115 380
38401 128
38866 557
39042 241
39762 570
40205 701
40206 22
40243 633
40256 437
40503 749
40504 309
40515 727
41850 70
42101 313
42141 33
42459 34
42647 239
43017 748
43085 532
43201 253
43202 61
43204 397
43212 207
43215 383
43221 354
43512 212
43537 4
44074 331
44092 363
44106 273
44124 226
44133 80
44134 549
44212 548
44224 476
44265 625
44405 317
44648 741
44691 377
45218 353
45243 755
45439 601
45660 322
45680 494
45810 568
46005 82
46032 511
46260 43
46538 45
47024 645
47130 722
47401 718
47905 537
47906 211
48043 559
48076 399
48103 143
48105 788
48118 62
48197 23
48322 733
48446 408
48823 244
48825 671
48911 509
49036 782
49428 447
49508 466
49512 170
49705 394
49931 184
49938 324
50112 449
50233 44
50266 750
50311 392
50322 704
50325 277
50613 303
50670 335
51157 667
51250 567
52241 77
52245 49
52246 55
52302 166
53066 710
53115 195
53144 703
53171 768
53188 510
53202 403
53210 770
53211 131
53214 224
53703 146
53705 161
53706 256
53711 444
53713 267
53715 157
54248 576
54302 593
54467 37
54494 615
54901 621
55013 400
55021 406
55038 791
55104 153
55105 36
55106 14
55107 25
55108 98
55109 231
55113 158
55116 342
55117 349
55122 565
55125 99
55128 596
55303 739
55305 265
55320 467
55337 66
55343 623
55345 202
55346 151
55369 28
55406 260
55408 450
55409 434
55412 582
55413 302
55414 51
55417 723
55420 679
55422 386
55423 102
55428 784
55436 29
55439 282
55443 470
55454 288
56321 612
56567 635
57197 684
58202 213
58644 387
59717 315
59801 360
60005 501
60007 395
60008 365
60035 294
60067 67
60089 603
60090 446
60115 123
60135 326
60152 700
60187 552
60201 191
60202 172
60302 737
60402 64
60440 432
60466 100
60476 600
60515 487
60613 105
60614 774
60615 117
60626 563
60630 417
60641 145
60657 573
60659 215
60804 275
61073 764
61401 201
61455 323
61462 592
61755 374
61801 75
61820 583
62522 687
62901 497
62903 659
63021 736
63033 204
63044 540
63108 281
63119 254
63129 94
63130 101
63132 500
63146 225
63304 602
63645 566
64118 627
64131 688
64153 713
65203 740
66046 341
66215 152
66221 789
66315 52
67401 112
68106 85
68147 496
68503 654
68504 767
68767 144
70116 777
70124 766
70403 637
70802 290
70808 149
71457 89
71701 285
73013 695
73034 69
73071 292
73132 287
73162 642
73439 120
74075 757
74078 742
74101 560
75006 451
75013 107
75094 187
75204 352
75206 91
75218 420
75230 431
75240 60
76013 175
76059 321
76111 48
76201 772
76234 696
76309 611
77005 242
77008 542
77009 297
77042 608
77048 707
77073 530
77081 673
77380 577
77459 427
77504 747
77801 243
77840 103
77841 795
77845 513
77904 283
78155 86
78205 208
78209 794
78212 379
78213 367
78264 247
78390 725
78602 126
78628 426
78704 575
78739 572
78741 31
78746 343
78750 163
78756 250
79070 543
79508 521
80027 665
80123 156
80127 160
80209 709
80227 545
80228 708
80236 127
80302 482
80303 485
80521 63
80525 40
80526 694
80538 634
80913 680
80919 649
81648 550
82435 525
83686 361
83702 357
83709 412
83716 251
83814 138
84010 54
84103 235
84105 626
84107 368
84116 531
84302 486
84408 130
84601 249
84604 359
85016 358
85032 237
85202 246
85210 605
85233 332
85251 262
85258 389
85281 683
85282 401
85710 198
85711 1
85719 639
87501 333
87544 428
89104 613
89503 83
89801 245
90008 778
90016 692
90019 712
90034 524
90036 666
90064 248
90095 587
90210 111
90247 653
90254 95
90291 93
90405 594
90630 104
90703 10
90804 423
90814 717
90840 183
91040 674
91105 614
91201 424
91206 624
91335 338
91344 7
91351 569
91505 758
91606 385
91711 291
91903 507
91919 586
92020 619
92037 196
92064 258
92093 526
92103 214
92110 276
92113 337
92115 455
92121 441
92154 690
92374 366
92507 738
92626 381
92629 266
92653 404
92660 644
92688 327
92705 479
93003 517
93055 719
93063 523
93101 440
93109 372
93117 35
93402 189
93550 272
93555 186
93612 647
93711 430
94025 376
94040 477
94043 2
94086 286
94115 581
94117 319
94131 516
94143 320
94305 452
94306 556
94403 632
94533 24
94551 364
94560 670
94583 421
94591 504
94608 350
94612 125
94618 445
94619 271
94702 222
94703 274
94708 429
94720 648
94920 607
95014 180
95032 106
95050 657
95064 259
95076 289
95110 236
95123 488
95129 369
95161 182
95316 751
95403 641
95453 495
95468 493
95521 564
95628 227
95660 20
95662 720
95821 439
95823 756
95938 181
96349 617
96754 610
96819 362
97006 140
97007 652
97124 474
97203 762
97208 595
97212 155
97214 59
97215 729
97229 793
97232 109
97301 15
97302 656
97330 411
97365 129
97403 176
97405 721
97408 478
97520 527
98006 92
98027 330
98034 68
98038 461
98072 640
98101 6
98102 418
98103 279
98117 348
98121 578
98133 328
98199 391
98225 375
98257 435
98281 512
98405 638
98501 520
98620 677
98682 221
98801 779
99206 340
99603 114
99687 535
99709 220
99835 591
E2A4H 190
E2E3R 780
K7L5J 669
L1V3W 761
L9G2B 159
M4J2K 528
M7A1A 514
N2L5N 775
N4T1A 618
R3T5K 533
T8H1N 71
V0R2H 628
V0R2M 310
V1G4L 730
V3N4P 137
V5A2B 443
Y1A6B 415
