00000
01002
01040
01080
01331
01375
01581
01602
01701
01720
01754
01810
01824
01913
01915
01940
01945
01960
01970
02110
02113
02125
02136
02138
02139
02140
02143
02146
02154
02159
02176
02215
02320
02324
02341
02859
02903
02918
03052
03060
03062
03261
03755
03869
04102
04988
05001
05146
05201
05452
05464
05779
06059
06260
06333
06355
06365
06371
06405
06437
06472
06492
06512
06513
06518
06779
06811
06906
06927
07029
07030
07039
07102
07204
07310
07733
08034
08043
08052
08105
08360
08403
08534
08610
08816
08832
08904
09645
10003
10010
10011
10016
10018
10019
10021
10022
10025
10309
10314
10522
10707
10960
11101
11201
11211
11217
11231
11238
11577
11701
11727
11753
11758
11787
12065
12180
12205
12345
12550
12603
12866
13210
13820
14085
14211
14216
14476
14534
14627
14850
14853
15017
15203
15213
15217
15222
15232
15235
15237
15610
16125
16506
16509
16801
16803
17036
17110
17325
17331
17345
17604
17870
17961
18015
18053
18301
18505
19047
19102
19104
19146
19149
19341
19382
19422
19711
19716
19807
20001
20003
20006
20008
20009
20015
20057
20064
20090
20657
20685
20707
20723
20755
20770
20784
20817
20850
20854
20879
20902
20910
21010
21012
21044
21114
21201
21206
21208
21218
21227
21250
21911
22003
22030
22202
22206
22207
22306
22902
22903
22904
22906
22911
22932
22973
23092
23112
23226
23227
23237
23322
23509
24060
25652
26241
26506
27105
27249
27502
27510
27511
27514
27606
27705
27708
27713
28018
28450
28480
28734
28806
28814
29201
29205
29206
29210
29301
29379
29440
29464
29631
29646
29678
30002
30011
30030
30033
30040
30067
30068
30078
30093
30220
30329
30350
30606
30803
31211
31404
31820
31909
32067
32114
32250
32301
32303
32605
32707
32712
32789
33066
33205
33308
33319
33484
33556
33716
33755
33763
33765
33775
33884
34105
34656
35802
36106
36117
37076
37212
37235
37411
37412
37725
37771
37777
37901
38115
38401
38866
39042
39762
40205
40206
40243
40256
40503
40504
40515
41850
42101
42141
42459
42647
43017
43085
43201
43202
43204
43212
43215
43221
43512
43537
44074
44092
44106
44124
44133
44134
44212
44224
44265
44405
44648
44691
45218
45243
45439
45660
45680
45810
46005
46032
46260
46538
47024
47130
47401
47905
47906
48043
48076
48103
48105
48118
48197
48322
48446
48823
48825
48911
49036
49428
49508
49512
49705
49931
49938
50112
50233
50266
50311
50322
50325
50613
50670
51157
51250
52241
52245
52246
52302
53066
53115
53144
53171
53188
53202
53210
53211
53214
53703
53705
53706
53711
53713
53715
54248
54302
54467
54494
54901
55013
55021
55038
55104
55105
55106
55107
55108
55109
55113
55116
55117
55122
55125
55128
55303
55305
55320
55337
55343
55345
55346
55369
55406
55408
55409
55412
55413
55414
55417
55420
55422
55423
55428
55436
55439
55443
55454
56321
56567
57197
58202
58644
59717
59801
60005
60007
60008
60035
60067
60089
60090
60115
60135
60152
60187
60201
60202
60302
60402
60440
60466
60476
60515
60613
60614
60615
60626
60630
60641
60657
60659
60804
61073
61401
61455
61462
61755
61801
61820
62522
62901
62903
63021
63033
63044
63108
63119
63129
63130
63132
63146
63304
63645
64118
64131
64153
65203
66046
66215
66221
66315
67401
68106
68147
68503
68504
68767
70116
70124
70403
70802
70808
71457
71701
73013
73034
73071
73132
73162
73439
74075
74078
74101
75006
75013
75094
75204
75206
75218
75230
75240
76013
76059
76111
76201
76234
76309
77005
77008
77009
77042
77048
77073
77081
77380
77459
77504
77801
77840
77841
77845
77904
78155
78205
78209
78212
78213
78264
78390
78602
78628
78704
78739
78741
78746
78750
78756
79070
79508
80027
80123
80127
80209
80227
80228
80236
80302
80303
80521
80525
80526
80538
80913
80919
81648
82435
83686
83702
83709
83716
83814
84010
84103
84105
84107
84116
84302
84408
84601
84604
85016
85032
85202
85210
85233
85251
85258
85281
85282
85710
85711
85719
87501
87544
89104
89503
89801
90008
90016
90019
90034
90036
90064
90095
90210
90247
90254
90291
90405
90630
90703
90804
90814
90840
91040
91105
91201
91206
91335
91344
91351
91505
91606
91711
91903
91919
92020
92037
92064
92093
92103
92110
92113
92115
92121
92154
92374
92507
92626
92629
92653
92660
92688
92705
93003
93055
93063
93101
93109
93117
93402
93550
93555
93612
93711
94025
94040
94043
94086
94115
94117
94131
94143
94305
94306
94403
94533
94551
94560
94583
94591
94608
94612
94618
94619
94702
94703
94708
94720
94920
95014
95032
95050
95064
95076
95110
95123
95129
95161
95316
95403
95453
95468
95521
95628
95660
95662
95821
95823
95938
96349
96754
96819
97006
97007
97124
97203
97208
97212
97214
97215
97229
97232
97301
97302
97330
97365
97403
97405
97408
97520
98006
98027
98034
98038
98072
98101
98102
98103
98117
98121
98133
98199
98225
98257
98281
98405
98501
98620
98682
98801
99206
99603
99687
99709
99835
E2A4H
E2E3R
K7L5J
L1V3W
L9G2B
M4J2K
M7A1A
N2L5N
N4T1A
R3T5K
T8H1N
V0R2H
V0R2M
V1G4L
V3N4P
V5A2B
Y1A6B
