6
74
6
6
74
6
6
6
6
6
74
74
36
36
36
36
36
50
36
50
36
36
50
50
50
50
50
9
6
9
50
9
9
9
91
25
25
59
91
91
59
25
59
25
59
59
59
93
93
93
93
25
93
93
93
59
19
93
93
19
19
93
19
85
85
85
85
85
85
85
85
85
85
85
85
14
14
14
14
14
14
14
15
9
14
14
14
15
14
15
15
91
100
100
100
15
15
100
100
100
100
100
100
100
74
7
100
100
7
100
7
7
48
48
7
7
48
48
48
7
48
12
48
12
12
12
51
51
51
51
12
51
51
99
99
51
99
51
1
1
20
19
1
20
20
20
20
20
75
75
82
82
87
87
75
87
10
17
17
10
17
10
17
10
42
54
42
42
42
42
54
42
42
54
54
30
30
42
30
30
14
30
30
30
30
30
30
80
30
80
80
80
80
80
80
25
80
93
80
16
80
16
16
16
16
16
68
68
46
68
68
46
46
46
46
85
68
46
46
46
92
92
92
92
92
92
92
92
92
92
31
21
31
31
21
21
21
21
31
18
18
18
16
25
18
18
88
18
18
18
88
88
92
18
88
88
64
64
64
88
64
64
10
64
64
64
61
61
61
86
61
86
61
93
61
86
86
86
86
92
86
86
86
86
65
65
65
65
65
65
65
65
65
65
65
65
65
29
57
36
29
29
29
29
29
57
29
57
29
29
29
57
57
29
43
57
43
57
43
43
43
43
43
43
82
43
43
43
16
30
6
43
27
27
43
27
27
27
27
10
27
15
27
27
27
27
48
52
27
36
52
91
52
50
52
52
52
52
14
23
52
52
52
23
12
28
28
28
28
28
23
28
23
28
28
23
28
28
45
45
45
45
45
45
9
45
45
45
45
45
45
45
45
45
39
39
25
39
39
39
39
39
39
100
39
39
39
4
4
39
4
4
4
4
6
4
75
97
4
4
91
50
97
97
4
4
97
93
4
97
65
97
97
90
97
90
51
90
90
97
90
90
90
90
90
16
54
90
90
90
53
53
53
41
53
53
41
53
53
41
53
53
41
53
41
34
34
34
34
90
34
34
34
34
34
34
34
39
34
34
34
13
46
13
13
13
13
13
45
13
13
13
13
13
13
93
78
78
78
78
78
78
25
78
44
78
78
44
78
44
78
44
78
44
44
90
29
21
44
44
11
44
11
11
11
11
11
17
11
11
11
11
11
11
11
11
15
11
96
34
96
96
96
96
96
96
96
96
96
96
93
96
96
96
96
96
87
98
52
9
98
98
98
98
4
98
9
98
98
98
98
14
63
98
63
98
98
98
82
5
63
5
63
5
5
5
63
5
5
5
5
5
82
5
5
26
26
26
26
26
26
26
26
26
26
26
16
50
36
84
26
84
26
84
84
43
84
84
84
84
85
37
37
54
37
37
2
2
11
13
37
29
93
85
2
37
2
2
2
14
3
3
3
70
99
3
3
70
3
20
70
96
25
3
70
3
70
4
72
72
72
72
70
72
72
72
72
86
51
72
72
72
72
85
69
69
69
69
69
69
69
69
69
93
34
73
69
73
60
60
73
60
60
73
4
60
60
24
60
24
24
60
30
24
24
29
24
24
32
71
71
71
32
32
71
71
71
71
32
22
22
22
22
22
29
22
9
37
22
22
22
38
41
57
38
13
67
67
67
48
29
67
67
38
54
38
8
77
8
77
63
8
32
96
77
8
17
86
77
8
94
94
94
94
94
68
30
94
94
5
94
94
93
76
76
76
52
76
76
76
76
47
47
76
47
47
49
49
47
49
49
49
49
49
49
49
47
49
49
85
49
49
4
72
51
75
16
33
33
33
33
33
33
33
33
42
33
91
33
33
63
33
33
55
55
55
55
90
56
55
55
73
56
55
56
55
34
56
56
61
55
56
84
55
79
83
83
44
83
83
79
29
83
78
83
79
83
83
79
79
81
81
73
81
46
79
81
81
78
81
81
81
81
81
81
40
40
52
85
45
40
40
40
85
40
72
35
35
3
36
35
58
35
35
16
35
58
39
23
58
35
95
95
95
58
95
33
95
95
62
89
62
89
62
89
62
89
89
63
62
89
72
89
62
62
66
66
78
13
66
66
66
66
15
66
66
67
66
66
14
66
66
66