1 2 1 1 1
2 5 0 20 2
3 2 1 2 3
4 2 1 1 4
5 3 0 20 5
6 4 1 3 6
7 5 1 4 7
8 3 1 4 8
9 2 1 5 9
10 5 1 6 10
11 3 0 20 11
12 2 0 20 12
13 4 1 7 13
14 4 1 8 14
15 4 0 7 15
16 2 1 9 16
17 2 1 10 17
18 3 0 20 18
19 3 1 11 19
20 4 0 12 20
21 2 1 2 21
22 2 1 2 22
23 2 0 13 23
24 2 0 13 24
25 3 1 14 25
26 4 1 14 26
27 3 0 11 27
28 3 1 2 28
29 4 1 10 2
30 1 1 5 29
31 2 1 13 30
32 2 0 5 31
33 2 1 5 32
34 3 0 4 33
35 1 0 12 34
36 1 0 5 35
37 2 1 5 36
38 2 0 20 37
39 4 1 9 38
40 3 1 8 39
41 3 1 14 40
42 2 1 4 41
43 2 0 11 42
44 2 1 1 43
45 2 1 10 44
46 2 0 15 45
47 5 1 15 46
48 4 1 4 47
49 2 0 5 48
50 2 1 2 49
51 2 1 7 50
52 1 0 5 36
53 2 1 10 51
54 2 1 3 52
55 3 1 10 53
56 2 1 11 43
57 1 1 21 54
58 2 1 10 55
59 4 1 7 56
60 4 1 16 57
61 3 1 14 58
62 2 0 4 59
63 3 1 15 60
64 3 1 7 61
65 5 0 7 62
66 2 1 5 63
67 1 1 5 64
68 1 1 5 65
69 2 1 14 66
70 2 1 14 67
71 3 1 8 68
72 4 0 4 69
73 2 1 5 70
74 3 1 8 71
75 2 1 9 72
76 1 1 5 73
77 2 1 1 74
78 2 1 4 75
79 3 0 4 76
80 3 0 4 77
81 2 1 5 78
82 4 1 10 79
83 3 1 20 80
84 3 1 3 28
85 5 1 7 81
86 2 1 4 82
87 4 1 4 83
88 4 0 11 84
89 4 0 4 85
90 5 1 7 86
91 5 1 15 87
92 3 1 9 40
93 4 1 3 88
94 2 1 5 89
95 3 1 4 90
96 2 0 13 91
97 4 1 13 92
98 4 0 3 93
99 1 1 5 94
100 3 1 3 95
101 1 1 5 96
102 3 1 10 97
103 2 1 5 98
104 2 1 5 98
105 2 1 14 2
106 6 1 17 99
107 3 1 8 100
108 4 1 7 101
109 2 1 20 102
110 1 1 5 103
111 5 1 14 104
112 2 1 18 105
113 4 1 3 106
114 2 1 10 107
115 3 1 14 108
116 3 1 16 109
117 1 1 5 110
118 2 1 4 111
119 3 1 10 112
120 4 0 20 113
121 5 1 11 114
122 3 0 2 115
123 4 0 13 116
124 3 1 5 117
125 2 1 6 118
126 2 0 6 119
127 3 1 21 120
128 2 0 15 121
129 3 0 15 122
130 1 1 21 123
131 5 0 4 124
132 2 1 20 125
133 5 1 14 126
134 3 1 10 127
135 2 1 5 128
136 5 1 20 129
137 4 1 7 130
138 4 1 19 131
139 1 1 5 132
140 2 0 5 133
141 4 1 10 134
142 1 1 20 62
143 4 1 1 135
144 5 1 10 136
145 3 1 9 137
146 4 1 13 138
147 3 0 11 139
148 3 1 14 140
149 3 0 15 141
150 1 0 13 142
151 3 0 4 143
152 3 0 7 144
153 2 1 5 145
154 2 1 5 146
155 3 0 20 147
156 2 1 7 148
157 5 1 14 149
158 4 1 7 150
159 2 0 5 151
160 2 1 10 152
161 4 1 6 153
162 2 1 13 154
163 4 1 4 155
164 4 1 16 156
165 1 0 20 157
166 4 1 7 158
167 3 1 20 159
168 4 1 20 160
169 5 0 20 161
170 5 0 16 162
171 4 0 7 163
172 5 1 15 164
173 5 1 20 165
174 2 0 4 166
175 2 0 8 167
176 2 1 8 168
177 1 1 10 169
178 2 1 20 170
179 1 1 9 171
180 2 0 4 172
181 2 1 3 78
182 3 1 10 173
183 3 1 8 174
184 3 1 11 175
185 5 0 11 176
186 3 0 3 177
187 2 1 7 178
188 4 1 5 179
189 3 1 13 180
190 2 1 4 181
191 3 1 4 182
192 4 1 7 183
193 2 1 5 184
194 3 1 4 185
195 4 1 8 186
196 4 1 2 36
197 5 1 1 187
198 2 0 5 51
199 2 1 2 188
200 3 1 10 189
201 2 1 2 190
202 4 0 7 191
203 2 0 5 192
204 5 0 11 193
205 4 1 6 194
206 1 0 5 195
207 3 1 15 196
208 4 1 14 197
209 3 0 7 198
210 3 1 14 199
211 6 1 18 200
212 4 0 7 201
213 3 1 3 202
214 2 0 11 203
215 3 1 10 204
216 2 1 14 73
217 2 1 20 205
218 3 1 4 206
219 3 1 10 207
220 2 1 11 208
221 1 1 5 209
222 2 1 10 210
223 1 0 5 211
224 3 0 7 212
225 5 0 4 213
226 2 1 5 214
227 4 1 3 215
228 2 0 5 216
229 2 0 11 217
230 2 0 5 218
231 4 1 11 219
232 4 1 8 220
233 3 1 14 221
234 5 1 17 222
235 3 1 7 223
236 4 0 2 224
237 4 1 4 225
238 4 0 4 226
239 3 1 13 227
240 2 0 7 228
241 2 0 5 229
242 3 1 7 230
243 3 1 7 191
244 2 1 1 40
245 2 1 5 231
246 1 1 5 232
247 2 1 14 233
248 2 1 5 234
249 2 1 5 235
250 2 1 3 236
251 2 1 19 237
252 4 1 14 238
253 2 0 11 217
254 4 1 7 239
255 2 1 9 240
256 3 0 21 241
257 1 1 5 242
258 1 0 5 243
259 2 1 5 244
260 3 0 13 245
261 2 1 4 246
262 1 0 5 247
263 4 1 10 151
264 3 0 2 248
265 2 1 3 249
266 6 0 4 250
267 2 1 14 251
268 2 1 14 252
269 3 0 11 253
270 1 0 5 254
271 5 1 14 255
272 3 1 8 256
273 4 0 20 257
274 1 0 5 51
275 3 1 14 258
276 2 1 5 259
277 3 0 4 260
278 3 0 11 261
279 3 1 10 262
280 2 0 11 217
281 1 0 5 263
282 2 1 4 264
283 2 1 10 265
284 3 1 3 266
285 2 1 10 267
286 2 1 5 268
287 2 1 18 269
288 3 1 15 270
289 1 1 21 271
290 3 1 14 272
291 1 1 5 273
292 3 0 10 274
293 2 1 2 275
294 3 1 1 276
295 3 1 7 277
296 4 0 4 278
297 2 0 7 279
298 4 1 3 280
299 2 1 19 281
300 2 0 10 14
301 2 1 5 282
302 4 1 7 283
303 1 1 5 284
304 2 0 5 285
305 2 1 10 286
306 4 1 20 287
307 2 1 5 288
308 5 1 17 289
309 3 1 8 290
310 3 1 7 291
311 3 1 1 292
312 4 1 20 293
313 4 1 15 294
314 1 0 5 295
315 3 1 7 296
316 4 0 20 297
317 2 1 4 298
318 6 1 17 299
319 3 1 10 300
320 1 1 5 301
321 4 0 7 302
322 1 1 5 303
323 2 1 5 304
324 2 0 5 305
325 4 1 1 142
326 4 1 4 306
327 2 1 5 307
328 5 1 4 308
329 4 1 7 197
330 3 0 7 173
331 3 1 9 7
332 1 1 5 309
333 4 1 20 310
334 3 1 11 311
335 4 1 3 312
336 2 1 18 313
337 3 1 8 314
338 3 0 11 315
339 3 1 6 316
340 4 1 14 156
341 1 0 5 317
342 2 0 20 92
343 4 1 14 318
344 2 0 11 319
345 2 0 11 320
346 3 1 20 321
347 1 1 5 111
348 2 0 5 322
349 6 1 17 323
350 3 1 5 15
351 6 1 7 324
352 3 0 10 36
353 2 1 8 325
354 2 0 11 23
355 2 1 5 326
356 3 0 12 327
357 2 1 3 328
358 3 1 7 329
359 2 1 5 75
360 5 1 20 330
361 2 1 5 331
362 3 0 12 332
363 1 1 5 333
364 6 1 14 334
365 2 1 6 121
366 1 0 5 335
367 1 1 5 336
368 1 1 5 337
369 2 1 5 338
370 5 1 2 339
371 3 1 14 340
372 2 0 5 341
373 2 0 20 342
374 3 1 3 343
375 1 1 9 344
376 2 0 20 345
377 2 1 5 346
378 3 1 5 347
379 4 1 10 348
380 3 1 14 349
381 3 1 13 350
382 4 1 14 351
383 4 1 4 352
384 5 1 10 353
385 3 1 2 30
386 3 1 18 354
387 3 1 9 355
388 3 1 20 356
389 4 0 2 357
390 4 0 2 358
391 2 1 5 359
392 5 1 2 360
393 1 1 5 361
394 2 1 4 362
395 4 1 20 363
396 5 1 14 364
397 1 1 5 39
398 3 1 20 365
399 2 1 20 366
400 3 0 4 367
401 4 0 16 368
402 2 1 14 369
403 3 1 20 370
404 2 0 10 98
405 2 0 16 371
406 5 1 7 372
407 2 1 14 373
408 2 1 5 374
409 4 1 4 375
410 2 0 13 376
411 3 1 7 377
412 2 1 7 378
413 5 1 7 379
414 2 1 10 380
415 3 1 7 1
416 1 0 5 381
417 2 0 20 143
418 5 0 21 382
419 3 1 6 383
420 5 1 7 384
421 3 0 10 36
422 2 1 9 24
423 6 1 20 385
424 3 0 15 386
425 1 1 5 387
426 5 1 7 388
427 5 1 19 389
428 2 1 5 51
429 2 1 5 390
430 3 1 8 391
431 2 1 15 266
432 2 1 9 392
433 2 1 13 393
434 1 0 5 394
435 2 1 14 395
436 2 0 4 396
437 2 0 20 121
438 5 0 4 397
439 2 0 4 398
440 2 1 20 399
441 4 1 1 400
442 2 1 5 401
443 3 1 18 402
444 5 0 6 403
445 2 1 2 404
446 5 1 7 191
447 2 1 4 158
448 2 1 9 405
449 2 1 11 406
450 3 0 7 407
451 1 1 5 408
452 3 1 4 409
453 1 1 5 410
454 5 1 20 411
455 4 1 4 412
456 2 1 1 413
457 3 0 18 414
458 4 1 1 415
459 2 1 5 416
460 4 0 20 417
461 1 1 5 418
462 1 0 5 419
463 4 0 16 420
464 5 1 2 421
465 3 1 20 422
466 2 1 5 423
467 2 1 14 424
468 2 1 14 425
469 5 1 7 426
470 2 1 10 405
471 1 1 5 427
472 2 1 5 428
473 2 1 5 429
474 5 1 3 430
475 2 1 10 431
476 2 1 5 432
477 2 0 5 433
478 2 1 20 371
479 2 1 7 434
480 5 1 17 435
481 6 1 17 436
482 1 0 5 437
483 2 1 8 207
484 2 1 5 438
485 4 0 7 439
486 3 1 7 440
487 2 1 14 441
488 4 1 1 442
489 5 1 20 353
490 2 0 13 443
491 4 0 2 444
492 5 1 7 445
493 2 1 14 446
494 3 0 4 447
495 2 1 14 448
496 2 0 5 51
497 1 1 5 449
498 2 1 2 450
499 4 1 10 451
500 2 1 4 452
501 2 1 5 453
502 2 1 5 454
503 4 0 2 39
504 3 0 2 455
505 2 0 20 456
506 4 1 10 457
507 1 0 2 458
508 2 1 15 459
509 2 1 4 460
510 3 1 20 461
511 2 1 5 462
512 2 1 20 463
513 4 1 4 464
514 2 1 10 465
515 5 1 15 466
516 5 0 11 405
517 2 1 5 288
518 4 0 2 220
519 2 1 20 467
520 6 1 16 468
521 1 1 5 469
522 3 1 14 470
523 4 0 4 471
524 5 1 7 472
525 2 0 4 473
526 2 1 15 474
527 3 1 11 475
528 1 1 5 153
529 4 0 4 476
530 2 1 14 477
531 2 0 18 478
532 1 1 5 479
533 4 1 11 480
534 1 1 5 481
535 4 0 7 482
536 3 1 14 483
537 3 1 14 79
538 3 1 8 484
539 5 0 4 485
540 2 1 14 424
541 1 0 5 486
542 2 1 5 487
543 3 1 8 488
544 4 0 20 489
545 2 1 1 490
546 3 1 3 491
547 4 1 7 492
548 5 1 2 493
549 4 1 8 494
550 1 0 5 495
551 2 1 10 51
552 4 1 20 496
553 5 1 7 497
554 3 1 8 497
555 2 0 7 498
556 3 0 7 499
557 2 0 2 147
558 5 0 2 500
559 6 1 3 329
560 3 1 5 30
561 2 1 14 501
562 5 0 4 502
563 3 0 11 503
564 6 1 17 504
565 3 1 5 386
566 1 1 5 505
567 2 1 9 30
568 3 1 7 506
569 3 1 7 507
570 2 1 7 505
571 3 1 13 508
572 5 1 7 81
573 6 1 17 509
574 5 1 7 510
575 3 1 15 511
576 4 1 3 512
577 3 0 5 513
578 3 1 4 514
579 3 1 7 143
580 1 1 5 515
581 3 1 20 516
582 1 1 5 517
583 4 1 14 518
584 2 1 5 519
585 6 1 11 520
586 1 1 5 521
587 2 1 20 522
588 1 0 5 523
589 2 1 6 524
590 4 1 7 525
591 5 0 11 526
592 1 1 5 527
593 3 0 7 144
594 4 1 7 528
595 2 1 10 529
596 1 1 13 530
597 2 1 20 531
598 3 0 15 532
599 2 0 5 533
600 3 1 10 534
601 1 0 13 535
602 4 0 20 536
603 2 1 10 537
604 3 1 7 538
605 3 1 14 539
606 2 1 10 540
607 4 0 16 185
608 2 1 20 30
609 1 0 5 14
610 2 1 5 541
611 4 1 11 542
612 3 1 7 543
613 3 0 15 544
614 5 1 7 545
615 3 1 7 546
616 5 1 8 303
617 2 0 2 547
618 1 0 5 548
619 1 1 5 549
620 1 0 2 550
621 1 1 5 64
622 2 1 10 551
623 4 0 7 552
624 1 1 5 162
625 2 1 10 553
626 2 1 8 554
627 2 1 14 555
628 1 1 21 556
629 4 0 20 476
630 2 0 16 450
631 1 0 5 557
632 1 1 5 288
633 3 1 10 51
634 3 1 14 71
635 2 1 20 558
636 4 1 7 559
637 2 1 20 560
638 4 1 14 561
639 4 0 11 562
640 1 1 5 75
641 2 1 5 563
642 1 0 5 564
643 3 1 8 565
644 5 1 17 566
645 2 1 10 131
646 1 0 5 567
647 3 1 7 568
648 4 1 14 569
649 1 1 5 570
650 4 1 14 138
651 6 1 17 571
652 3 1 20 491
653 3 1 3 36
654 2 0 5 572
655 4 0 16 573
656 4 1 7 574
657 2 0 21 575
658 3 1 10 381
659 3 1 7 576
660 2 1 5 577
661 2 1 10 578
662 5 1 11 579
663 2 1 20 580
664 2 1 14 581
665 2 1 4 582
666 4 1 4 583
667 3 1 11 584
668 2 0 2 257
669 3 1 20 121
670 2 1 1 585
671 2 1 10 586
672 5 0 4 587
673 5 1 7 588
674 1 0 5 66
675 3 1 20 589
676 2 1 10 590
677 1 1 20 591
678 4 1 7 592
679 1 0 5 593
680 3 1 6 594
681 4 0 15 595
682 2 1 10 596
683 4 1 11 597
684 2 1 5 51
685 3 0 11 434
686 3 1 7 598
687 3 0 16 599
688 3 0 4 600
689 2 1 20 601
690 3 1 18 602
691 3 1 7 603
692 3 1 14 604
693 4 0 16 605
694 5 1 10 606
695 2 1 2 380
696 5 1 20 607
697 2 1 20 608
698 2 0 10 609
699 4 1 20 610
700 1 1 5 611
701 5 0 11 612
702 3 1 20 613
703 2 1 7 170
704 5 0 11 614
705 2 0 5 615
706 2 1 5 288
707 5 0 11 616
708 2 0 12 617
709 2 1 20 618
710 1 1 5 619
711 2 0 5 620
712 2 0 5 621
713 4 0 20 622
714 2 1 14 623
715 2 1 1 624
716 3 0 4 625
717 2 1 1 626
718 4 1 1 627
719 3 0 20 628
720 4 0 4 629
721 2 0 9 630
722 4 0 12 631
723 2 1 3 632
724 3 1 3 633
725 2 1 5 291
726 2 0 4 634
727 2 1 5 31
728 5 1 3 556
729 1 1 5 635
730 3 0 8 636
731 4 0 7 637
732 2 0 20 638
733 4 0 20 417
734 2 0 20 281
735 2 0 16 639
736 4 0 2 445
737 2 1 10 640
738 3 1 1 641
739 3 1 1 642
740 2 0 7 115
741 2 1 2 281
742 3 1 5 643
743 3 1 10 644
744 3 1 15 645
745 4 1 2 158
746 2 1 14 646
747 1 1 20 647
748 2 1 4 648
749 3 1 20 649
750 2 1 4 650
751 2 0 20 524
752 5 1 17 651
753 5 1 18 624
754 5 0 11 497
755 4 0 7 652
756 2 0 21 653
757 2 1 5 153
758 2 1 5 256
759 1 0 5 654
760 3 0 20 655
761 1 1 5 656
762 3 1 4 657
763 2 1 8 658
764 2 0 7 659
765 3 1 5 660
766 4 1 20 193
767 6 1 14 177
768 2 1 4 661
769 3 1 3 662
770 2 1 5 522
771 2 1 5 663
772 4 1 2 664
773 1 1 5 51
774 2 1 5 665
775 4 1 3 666
776 2 1 11 667
777 6 1 10 334
778 3 1 5 668
779 3 1 5 669
780 4 1 10 670
781 1 1 5 671
782 2 0 13 672
783 2 1 15 673
784 4 1 4 674
785 3 1 14 675
786 3 0 14 676
787 1 0 5 677
788 5 1 4 678
789 2 1 20 679
790 2 1 1 680
791 3 1 7 681
792 3 1 10 682
793 2 1 5 683
794 3 1 7 684
795 2 1 10 685
796 3 0 2 686
797 4 0 20 687
798 3 0 2 688
799 4 0 4 689
800 2 1 10 66
801 2 1 2 690
802 3 1 4 691
803 6 1 4 379
804 3 1 7 583
805 2 0 20 121
806 2 1 15 147
807 4 0 16 186
808 4 1 18 692
809 4 0 15 693
810 5 0 20 694
811 3 0 7 695
812 2 1 1 696
813 1 0 5 697
814 2 1 20 698
815 3 1 20 699
816 3 1 20 171
817 1 1 5 700
818 2 1 11 39
819 5 1 4 701
820 2 1 5 702
821 3 1 14 513
822 2 0 11 703
823 2 1 13 704
824 3 1 20 705
825 4 1 14 706
826 2 1 13 707
827 2 0 14 708
828 2 1 11 401
829 4 1 2 709
830 4 1 10 710
831 2 1 20 711
832 2 1 1 608
833 3 1 2 712
834 2 1 20 713
835 4 0 3 714
836 4 1 13 715
837 3 0 13 434
838 2 1 5 716
839 3 0 9 717
840 3 1 13 260
841 4 1 19 718
842 3 1 2 719
843 3 1 11 548
844 2 1 14 720
845 6 1 19 721
846 2 1 6 722
847 2 1 5 723
848 4 1 14 469
849 1 0 5 724
850 3 1 1 725
851 1 1 20 726
852 4 1 4 286
853 4 1 2 727
854 2 0 5 450
855 5 1 11 728
856 4 0 15 729
857 3 0 4 730
858 6 1 7 731
859 1 0 20 732
860 6 0 17 733
861 3 0 5 734
862 2 1 3 735
863 1 1 5 603
864 2 1 10 736
865 2 1 13 203
866 4 1 20 737
867 2 1 8 738
868 2 1 10 739
869 2 1 5 453
870 2 1 5 740
871 3 1 3 741
872 1 0 5 742
873 4 0 4 743
874 3 1 8 744
875 2 0 5 745
876 4 1 20 746
877 2 1 20 747
878 4 0 7 330
879 3 0 4 66
880 1 1 5 357
881 3 1 15 748
882 3 1 14 749
883 4 1 11 750
884 4 1 14 66
885 2 0 20 751
886 1 1 5 583
887 1 0 5 752
888 4 1 8 753
889 2 1 1 575
890 3 1 5 15
891 5 0 4 754
892 3 1 20 755
893 2 1 5 756
894 4 1 7 757
895 3 0 11 192
896 2 1 2 758
897 2 1 20 759
898 2 1 12 374
899 3 1 20 342
900 5 1 17 760
901 3 1 3 761
902 4 0 13 762
903 2 1 7 763
904 1 0 5 764
905 2 1 20 765
906 4 1 11 766
907 2 0 20 694
908 4 0 11 767
909 4 0 7 768
910 2 1 16 769
911 3 0 2 770
912 5 1 20 771
913 2 1 5 772
914 4 0 20 773
915 4 1 9 774
916 2 1 14 775
917 2 0 5 776
918 3 1 8 777
919 2 1 20 522
920 2 0 13 778
921 1 0 5 779
922 2 0 4 585
923 2 1 5 780
924 2 1 20 781
925 1 0 18 782
926 4 1 9 783
927 2 1 10 784
928 2 1 5 450
929 4 1 8 444
930 2 0 8 785
931 5 1 7 786
932 5 1 7 787
933 2 1 5 788
934 6 1 14 79
935 4 1 19 789
936 2 1 20 790
937 4 1 7 640
938 3 0 1 791
939 2 0 5 792
940 3 1 4 73
941 1 1 5 793
942 4 0 11 794
943 2 1 5 795
