1 151 152 153 154 155 156 157 158 159 160 161 162 163
2 715 716 717 718 720 721 722 723 724 726 729
3 418 419 420 423 424 425 426 427 429 430 432 433
4 842 846 847 849 850 853 857 858
5 228 229 230 231 232 233 234 235
6 84 92 105
7 773 800 818 879 884 890 934 940
8 1 2 3 4 5 6 7 8 9 10 11 12 13
9 804 832 843 863
10 182 183 184 185 186 187 188 189
11 670 671 672 673 675 676 677 678 679 680
12 532 533 534 535 536 538 539 541 542 543 544
13 380 381 382 383 384 386 387 388 389 390 391 392 393 394
14 27 28 30 31 32 33 34 35 36 37 38 39
15 454 457 460 463 465 467 468
16 730 731 732 735 737 738 739 742 743 753
17 171 174 175 176 177 178 179 180
18 406 407 408 409 410 411 412 413 414 416
19 40 41 42 43 44 45 46 47 48 49 50 51 52 56
20 366 367 368 369 370 371 372 373 374 375 376 377 378 379
21 744 746 747 748 749 750 752 755 756 760
22 446 447 483 518 528 557 579
23 505 506 507 508 509 510 511 512 513 514 515 540
24 300 331 350 352 354
25 561 562 563 564 566 568 569 570 571
26 658 685 695 733 736
27 693 694 696 697 698 699 700 701 702 704
28 610 611 612 613 614 615 617 618 619 620
29 236 237 238 239 240 241 242 245 246 253
30 629 630 652
31 196 198 216 244 274
32 286 287 288 289 290 291 292 293 294 295 296 297 298
33 759 761 762 763 764 765 768 769 771 772 774 775
34 861 862 864 866 867 868 870 871 872 873 874 875
35 207 208 209 210 211 212 213 214 215 217
36 648 651 654 655 656 657
37 706 725 734 741 758 777
38 190 191 192 193 194 195 197
39 491 492 493 494 495 497 498 499 500 501 502 504
40 573 574 575 576 577 578 580 581 582 583
41 53 54 55 57 58 59 60 61 62 63
42 89 90 91 93 94 95 96 97 98 99 100 101
43 891 893 894 896 897 900 901 902 903 904
44 142 181
45 342 347 359 365 404 417 437
46 385 397 415 421 422 428
47 776 778 779 780 781 782 783 784 785 786 787 788 789
48 803 840 852 878 880 898 899
49 703 740 745 757 766 767 805 806 807 816 865 895
50 139 140 141 143 144 145 146 147 148 149 150
51 607 616 632 668
52 886 889 919 922
53 519 520 521 522 523 524 525 526 527 529 530 531
54 199 200 201 202 203 204 205 206
55 102 103 104 106 107 108 109 110 111 112 113 114
56 907 937
57 935 936 938 939 941 942 943
58 333 334 335 336 337 338 339 341 343 344 345 346 348 349 351
59 247 248 249 250 251 252 254 255 256 257 280
60 434 435 436 438 439 440 441 442 443 444 445 448 449 478
61 584 585 586 587 588 589 590 591 592 594 595
62 659 660 661 662 663 664 665 666 667
63 545 546 547 548 549 550 552 553 554 555 556 558
64 705 707 708 709 710 711 712 713 714 719
65 790 791 792 793 794 795 796 797 798 799 801 802
66 596 597 598 599 600 601 602 603 604 605 606
67 127 128 129 130 131 132 133 134 135 136 137 138
68 841 844 845 851 855 856 859 860
69 480 481 482 484 485 486 487 488 490 516
70 876 877 881 882 883 885 887 888 892
71 115 116 117 118 119 120 121 122 123 124 125 126
72 314 315 316 317 318 319 320 321 322 323 324 326 327 328 332
73 353 355 356 357 358 360 361 362 363 364 431
74 489 517 559 565
75 823 824 825 826 827 829 830 831 833 834 835 836 838 839
76 496 503 537 551 560 567 572 608 609
77 808 809 810 811 812 813 814 815 817 819 820 822
78 299 301 302 303 304 305 306 307 308 309 310 311 312 313
79 926 927 930 931 932 933
80 635 636 637 638 639 644
81 325 329 330 340
82 76 77 78 79 80 81 82 83 85 86 87 88
83 828 837 848 854 869 928 929
84 905 906 908 909 910 911 912 913 914
85 622 623 625 626 627 628 631
86 14 15 16 17 18 19 20 21 22 23 24 25 26 29
87 64 65 66 67 68 69 70 71 72 73 74 75
88 466 469 471 472 473 474 475 476 477 479
89 681 682 683 686 687 688 689 690 691 692
90 593 621 624 633 634 640 645 650 653 669 674 684 727
91 728 751 754 770 821
92 263
93 258 259 260 261 262 264 265 266 267 268 269 270
94 218 219 220 221 222 223 224 225 226 227 243
95 915 916 917 918 920 921 923 924 925
96 450 451 452 453 455 456 458 459 461 462 464 470
97 641 642 643 646 647 649
98 271 272 273 275 276 277 278 279 281 282 283 284 285
99 164 165 166 167 168 169 170 172 173
100 395 396 398 399 400 401 402 403 405