1 139 140 143
2 627 628 635 637 638 639
3 641 642 643 646 647 649 654 656 889
4 408 409 411 412 413 414 416 419 420 425 426 429 565 658 695 803
5 580 582 584 585 586 588 589 590 591 592 594 595 770
6 1 3 4 6 7 8 9 10 29 331 415
7 106 109 111 112 115 116 120
8 747 749 752 756 760
9 28 30 32 33 34 84 385 560 567 727
10 157 160 162 164 263 340
11 521 523 524 525 526 527 529 530 531 532 533 534 535 536 538 629
12 122 124 125 126 131 365
13 482 484 485 486 487 488 490 491 492 493 494 495 630 736 929
14 76 77 78 79 80 81 82 85 86 87 89 181 359 572 640 940
15 83 88 90 91 96 97 342 537 934
16 200 202 203 204 205 206 243 329 446 607 807 895
17 158 159 161 163 528 757
18 240 241 242 245 246 248 249 250 254
19 57 60 61 63 142
20 141 144 145 146 147 148 650
21 232 235 236 237 238 518
22 720 721 722 723 724 726 729 730 731
23 360 364 371 373 376 899
24 698 700 701 704 705 707 708
25 36 37 42 44 52 196 244 397 503 653
26 596 597 598 599 600 601 602 603 604 605 606 611 613
27 333 334 336 337 338 339 341 343 344 345 346 349
28 366 367 368 369 370 372 374 375 377 378
29 298 301 302 303 304 305 307 309 310 311 314 517 632 706 725 741 852
30 176 177 179 180 182 183 184 185 186 187 189 330 703 767
31 231 233 234 239
32 709 713 714 719 753
33 808 809 810 811 812 813 814 815 817 819 820 822 823 907
34 466 467 468 469 471 472 473 474 475 476 477 479 480 481 540 685 837
35 887 888 891 893 894 896 901
36 13 14 15 16 17 19 21 22 300 350 609 890
37 622 623 625 626 631 636 728
38 732 735 744 746
39 395 396 398 399 400 401 402 403 405 406 407 410 478 898
40 876 877 881 882 883 885
41 454 457 460 463 465 733
42 165 167 168 169 170 172 173 178 816
43 315 317 319 320 321 322 323 324 326 327 328 332 335 616
44 505 508 510 512 514 515 519 520 522 848
45 379 380 381 382 383 384 386 387 388 389 390 391 392 393 394 489 880
46 209 212 213 214 215 218 219 220 483 865
47 782 783 785 786 789 797
48 113 114 117 118 119 121 123 347 740
49 787 788 790 791 792 793 794 795 796 798 799 801 802
50 18 20 23 24 25 26 27 31 354 422 608
51 127 128 129 130 132 133 136 138 437 669 805
52 348 351 353 355 356 357 358 361 362 363 559 777 878
53 451 452 453 455 456 458 459 461 462 464
54 166 171 174 175 447 624 745
55 824 825 826 827 830 831 834 836 841 844
56 829 833 835 838 839 842
57 299 306 308 312 313 316 318 734
58 892 897 900 905
59 38 41 43 45 46 47 56
60 689 690 692 693 696 697 699 702
61 267 268 269 271 273 275 840
62 910 912 914 916 920 924 925
63 573 575 581 583 587 751 821 919
64 257 258 259 261 262 264 265 266
65 285 286 287 288 289 290 291 292 293 294 295 296 297 431
66 926 927 930 931 932 933 935 936 938 939 941 942 943
67 737 738 739 742 743 937
68 207 208 210 211 217 766
69 675 676 677 678 679 680 681 682 683 687
70 644 648 651 655 657 663
71 710 711 712 715 716 717 718
72 659 660 661 662 664 665 666 667 670 671 672 673 804 886 922
73 686 688 691 694 832 863
74 2 5 11 12 105
75 149 150 155 417 806
76 774 775 776 778 779 780 781 784
77 748 750 755 759
78 497 498 499 500 501 502 504 506 507 509 511 513 854 869 928
79 845 851 856 859 860 866
80 188 190 191 192 193 194 195 197 199 201
81 861 862 864 867 868 870 871 872 873 874 875
82 151 152 325 579 593
83 846 847 849 850 853 855 857 858
84 610 612 614 615 617 618 619 620 843
85 64 65 66 67 68 69 70 71 72 73 74 75 216 621 634 674 800 879 884
86 270 272 276 277 278 279 281 282 283 284 668 758
87 153 154 156 557
88 247 251 252 255 256 260
89 911 913 915 917 918 921 923
90 434 436 438 439 441 442 443 444 445 448 449 450 470 516 828
91 35 39 40 92 352 421 818
92 221 222 223 224 225 226 227 228 229 230 253 280
93 48 49 50 51 53 54 55 58 59 62 198 274 428 496 551 633 684 773
94 761 762 763 764 765 768 769 771 772
95 902 903 904 906 908 909
96 539 541 542 543 544 545 546 547 548 549 550 552 553 554 555 556 652 754
97 418 423 424 427 430 432 433 435 440
98 558 561 562 563 564 566 568 569 570 571 574 576 577 578
99 134 135 137 645
100 93 94 95 98 99 100 101 102 103 104 107 108 110 404